# The first line gives you the number of tasks (and employees)
# The rest of the lines give you the cost to assign each task to an employee, such that
# they're grouped in sets of the number of tasks.

# In this instance, you have 100 tasks and employees
# For the assignment of task 1, the cost for assigning it to employee 1 is 52, to employee 2 is 89, to employee 3 is 40... and to employee 100 is 69
# Similarly, for the assignment of task 2, the cost for assigning it to employee 1 is 20, to employee 2 is 17... and to employee 100 is 92
# And so on and so forth

# warning: random data regenarated
100
21 72 28 56 78 9 85 49 67 4 80 46 94 33 6 22 88 24 87 94 99 67 55 35 81 90 66 6 70 74 91 51 35 4 3 89 15 72 84 65 18 73 80 62 50 95 62 96 99 74 22 98 69 77 95 82 13 78 38 52 100 40 65 41 35 97 18 12 74 44 74 10 4 77 6 75 50 14 26 12 5 80 100 71 2 79 88 44 13 40 46 61 27 37 82 14 56 43 95 42
40 71 5 74 46 95 49 99 59 8 83 81 81 42 72 54 31 10 2 39 47 5 61 4 48 54 75 25 70 85 16 98 65 98 78 92 21 8 30 78 80 17 9 38 73 69 60 6 16 31 81 47 17 48 76 47 100 70 45 91 27 22 73 39 88 3 45 44 89 3 9 70 37 14 55 73 99 62 46 57 91 39 25 22 19 93 62 20 26 77 40 35 16 57 18 51 99 48 15 64
9 52 94 2 28 70 45 17 52 80 16 83 40 71 34 52 6 99 80 81 38 61 59 99 34 27 31 91 81 99 90 21 4 97 34 87 56 70 2 51 20 43 1 52 28 84 18 30 4 70 93 16 79 72 33 32 39 34 34 64 62 51 84 1 65 66 48 16 99 3 76 9 27 67 22 78 81 39 14 20 77 19 84 88 23 1 21 19 32 78 44 84 73 96 93 34 38 12 69 95
42 6 7 4 63 4 6 67 14 60 34 88 9 64 20 80 48 91 26 29 3 20 68 5 23 75 3 26 19 18 11 51 16 47 57 95 1 82 96 27 62 30 69 54 27 50 78 73 31 25 42 5 96 31 26 28 21 94 29 77 24 82 9 76 17 64 42 67 5 40 87 9 50 94 43 95 44 5 49 53 32 33 21 6 97 43 86 37 22 37 19 5 9 40 73 61 61 61 48 47
99 80 58 19 9 7 1 21 58 94 22 96 81 92 60 85 29 46 96 69 45 94 58 96 18 65 78 39 71 35 35 3 66 98 12 3 45 61 82 10 34 77 60 6 31 71 7 43 43 26 42 54 32 80 94 82 5 19 77 33 68 73 65 59 52 1 36 88 61 72 40 19 95 93 54 74 82 19 25 94 25 52 92 13 72 73 47 6 63 26 100 84 23 98 40 64 67 96 84 27
89 93 8 21 51 19 34 46 10 75 98 6 19 81 70 14 14 38 81 4 85 20 50 1 98 54 18 59 58 99 30 98 76 40 27 14 93 59 31 87 43 95 93 86 39 42 46 30 59 70 100 81 77 15 38 4 90 76 69 39 24 72 28 14 63 99 84 33 9 82 41 58 70 4 43 46 85 63 61 53 93 27 12 43 10 66 42 94 46 50 63 78 69 97 9 72 62 36 99 13
73 62 15 11 43 57 44 34 90 25 72 31 100 21 41 67 36 79 21 42 53 71 74 21 22 77 50 94 48 91 57 51 47 32 53 18 44 14 96 31 8 69 2 96 78 78 32 81 81 52 78 61 84 61 12 1 18 44 67 100 56 45 26 9 71 41 4 82 43 20 78 75 66 77 87 28 89 50 77 5 1 39 83 3 83 52 77 99 30 59 86 92 2 93 8 66 77 64 81 83
34 54 98 71 93 34 10 59 86 75 73 9 94 15 18 54 59 36 70 73 93 96 48 24 30 84 11 11 17 7 69 81 15 16 87 37 36 100 78 40 64 30 48 83 82 43 73 97 65 71 37 19 68 29 9 18 75 42 1 48 54 96 95 26 55 67 65 36 78 15 88 65 89 29 42 55 95 50 32 42 100 84 97 98 5 91 66 38 8 32 60 62 59 33 41 81 77 53 89 4
56 83 32 96 97 82 32 97 85 41 54 42 11 79 2 32 38 25 66 67 67 66 80 40 74 76 58 48 88 27 58 32 54 40 77 5 43 72 96 58 48 19 87 16 58 1 79 21 33 39 2 98 80 64 55 94 74 21 57 78 9 86 76 47 78 11 19 15 68 73 25 6 61 29 28 56 51 43 90 8 91 99 40 61 66 28 66 19 22 39 77 32 85 41 30 78 77 68 91 96
59 21 54 58 13 87 2 75 54 3 25 100 53 45 100 97 78 78 2 26 2 53 61 50 14 58 42 38 7 23 65 29 37 98 53 42 74 25 83 51 2 16 28 93 58 31 34 41 4 85 12 58 97 81 40 11 50 3 18 47 40 68 4 61 78 90 100 8 86 99 45 82 76 45 100 13 16 56 41 48 19 100 64 95 37 88 38 14 62 76 51 77 43 47 39 81 39 57 89 85
97 32 84 24 60 11 52 65 21 50 30 68 23 40 100 23 81 36 35 60 68 65 13 14 96 43 90 19 75 63 93 91 17 66 59 24 85 9 58 32 35 72 83 85 66 56 46 86 70 81 29 5 83 53 92 79 97 37 30 22 24 17 37 37 62 83 29 49 91 47 14 98 16 92 1 57 23 52 35 67 28 61 37 6 22 87 61 44 85 50 83 87 98 65 50 41 27 15 36 43
31 24 80 81 95 68 9 85 95 23 61 95 15 1 53 44 70 19 1 31 38 39 45 66 18 99 71 83 50 10 74 46 79 83 6 11 41 72 44 70 74 97 23 20 84 80 15 36 91 74 53 94 51 23 15 6 90 30 89 94 10 29 7 98 91 53 87 42 52 7 67 98 6 63 96 94 75 3 88 69 81 51 83 96 85 21 29 99 50 2 34 9 82 25 66 1 68 44 78 79
9 63 87 5 68 32 75 92 61 78 75 98 71 66 22 90 59 6 46 7 13 92 100 97 92 99 88 84 33 68 85 53 13 26 1 3 23 25 68 13 72 85 64 32 78 12 53 37 55 93 82 25 46 53 80 19 59 70 83 91 10 87 92 62 15 92 7 43 30 50 96 6 83 64 59 15 47 23 64 22 23 78 70 89 55 3 2 34 4 63 45 11 98 100 20 97 37 3 19 32
65 68 27 5 30 8 93 95 25 20 72 85 76 71 55 81 73 95 58 49 4 83 73 7 33 5 92 22 23 81 60 27 68 21 35 9 33 25 69 22 2 95 91 18 15 13 51 40 9 74 66 7 9 65 80 91 88 41 27 17 58 48 41 68 17 27 65 11 92 6 16 58 86 40 92 95 16 73 43 70 26 28 2 78 42 7 39 53 41 77 17 81 81 27 95 12 88 46 86 93
40 14 65 21 83 79 82 45 81 75 23 99 42 1 20 57 79 58 47 68 30 49 77 98 41 56 7 47 2 65 5 67 20 46 58 14 6 84 66 61 32 83 57 44 22 79 67 48 39 14 41 6 86 76 90 85 29 70 25 31 14 49 67 53 87 16 54 76 64 95 84 92 58 49 46 84 77 7 77 61 55 65 58 78 35 14 34 5 9 86 6 84 39 84 100 27 1 98 64 97
61 23 62 80 46 33 46 33 71 84 44 92 61 95 17 78 43 66 14 56 77 28 8 12 96 23 23 77 90 91 95 16 89 69 46 93 6 14 31 65 11 70 76 31 27 42 63 59 38 24 61 22 35 87 83 33 12 29 35 43 2 41 85 44 2 17 50 5 88 5 37 100 37 82 32 70 4 22 54 70 80 80 3 60 8 30 71 32 87 46 33 65 23 36 94 54 7 21 49 61
98 26 55 11 100 40 63 91 22 90 28 32 30 43 17 48 1 61 3 71 96 58 17 59 24 17 14 73 59 85 10 16 20 88 97 96 9 11 7 23 88 95 27 5 89 27 14 2 77 93 93 51 69 34 28 92 29 73 3 59 16 21 53 31 31 96 5 23 35 68 62 43 1 81 2 26 80 30 9 69 61 8 22 29 59 98 55 25 49 91 23 57 97 99 68 8 39 98 12 12
6 51 86 67 40 3 23 8 50 61 16 42 13 46 45 84 29 14 95 19 88 67 37 80 66 50 24 68 14 21 16 9 4 12 66 71 90 57 63 32 42 9 69 17 34 93 48 81 77 43 4 81 58 63 17 10 75 3 1 6 74 49 63 54 10 93 51 25 67 61 90 10 19 4 15 79 100 90 42 51 62 1 60 41 77 9 14 12 58 90 53 45 58 45 45 13 98 89 27 65
94 18 68 33 15 35 89 56 73 81 54 58 33 62 100 35 10 2 39 29 21 82 28 8 10 44 42 79 97 63 73 1 46 36 78 53 42 10 1 34 50 54 8 30 34 74 91 90 92 39 8 10 69 34 31 92 35 48 81 15 60 35 38 88 23 46 38 70 7 23 58 46 4 80 28 84 20 18 29 66 35 88 52 14 93 64 90 61 24 30 25 12 8 49 60 1 95 84 36 49
9 65 6 45 12 87 73 5 21 29 58 4 10 58 1 21 22 68 36 14 50 13 32 100 1 45 60 81 61 14 99 26 70 12 56 11 71 5 76 11 46 79 31 23 15 80 65 86 78 10 1 57 79 72 52 47 17 67 72 66 11 80 31 56 48 53 16 83 76 82 67 47 69 54 86 29 2 9 74 70 60 80 2 60 2 15 64 90 41 1 35 47 45 48 55 49 22 42 50 61
87 98 41 67 27 18 87 97 57 30 46 81 85 51 3 27 72 60 94 67 77 53 90 20 97 98 54 10 82 14 61 78 28 48 43 18 57 10 15 26 69 29 65 58 5 37 81 4 9 63 28 90 75 68 63 84 77 21 41 68 58 80 75 50 68 98 100 78 25 85 88 94 23 47 75 87 11 55 39 68 9 5 9 100 83 54 12 59 17 8 78 99 60 96 23 16 100 8 50 76
79 63 73 54 34 40 83 26 25 39 67 42 56 36 72 53 98 45 50 93 93 45 77 50 90 93 9 63 29 80 51 62 64 41 18 52 43 68 38 53 94 84 75 53 34 7 23 76 44 63 85 27 76 2 42 40 30 25 5 2 30 72 92 63 2 26 20 47 1 23 62 83 60 98 54 65 98 70 85 37 39 97 62 87 50 13 65 4 51 58 31 84 70 92 41 81 27 87 6 40
76 60 88 10 80 78 91 92 2 8 64 94 32 76 87 43 19 50 43 43 27 52 40 17 39 100 62 32 30 42 5 4 88 44 67 35 90 87 69 61 81 77 64 81 47 21 7 53 62 79 1 53 75 35 69 1 53 79 73 43 8 78 47 100 73 100 61 84 40 46 77 100 91 39 94 21 59 40 22 49 29 97 90 1 4 69 9 23 66 60 88 82 50 85 77 80 41 96 58 27
24 74 96 48 23 61 2 15 67 58 68 98 24 65 23 58 80 11 76 55 23 9 27 55 78 11 76 73 58 58 95 61 58 38 99 67 44 28 14 26 71 70 97 2 74 29 45 37 19 30 48 84 49 87 100 49 27 81 47 47 9 92 82 84 21 38 93 6 8 77 36 6 97 67 84 13 61 72 48 7 77 31 73 6 90 42 6 11 72 83 90 12 36 74 21 62 58 47 86 84
95 22 14 43 6 89 100 4 18 64 83 76 97 12 86 54 4 99 44 100 81 82 15 13 57 75 87 84 40 7 95 61 47 93 52 75 12 8 94 52 78 53 64 67 89 87 37 14 2 47 84 97 93 7 4 6 84 58 80 7 36 21 63 41 98 4 94 75 79 39 1 69 96 98 37 35 64 90 4 88 41 15 55 84 36 83 75 41 78 7 81 11 12 34 77 86 15 35 63 13
48 95 78 64 51 67 94 11 80 44 17 10 7 79 57 35 92 46 20 55 19 23 72 71 48 74 89 36 3 77 86 24 5 15 7 43 74 29 7 93 80 49 12 80 35 76 13 97 4 14 82 77 37 63 29 86 56 54 2 30 64 9 70 90 79 74 35 18 1 73 58 96 75 62 9 77 100 54 83 19 74 53 35 15 23 20 22 81 42 19 99 66 100 62 58 42 42 86 7 17
68 95 59 56 90 29 54 66 91 88 47 42 18 67 85 69 35 71 19 71 58 26 45 46 46 63 89 46 96 27 54 73 49 60 84 40 64 36 58 14 15 78 28 92 76 82 23 53 31 72 87 35 34 98 87 52 77 10 96 16 75 59 85 22 26 46 74 35 94 24 96 9 27 98 27 86 57 42 7 7 79 99 42 87 18 90 40 14 73 2 98 50 30 8 48 69 48 86 16 8
36 12 24 98 35 33 3 39 94 16 43 95 31 16 10 7 16 8 1 59 65 20 24 53 35 5 96 65 13 71 17 51 47 59 13 32 98 15 66 53 88 62 12 26 15 10 92 89 79 68 58 89 22 87 44 59 75 24 17 56 20 3 4 60 82 25 4 44 85 83 85 55 48 25 65 40 98 54 16 35 53 21 69 69 70 20 35 16 2 64 24 9 12 74 66 54 47 47 16 43
94 89 6 80 9 15 9 25 51 63 72 82 16 1 82 4 4 85 69 94 21 2 99 41 75 74 30 19 91 45 11 3 30 34 69 5 60 88 56 32 24 47 81 43 90 31 86 38 73 55 38 34 44 68 58 100 63 82 17 28 86 68 82 23 62 73 52 72 6 14 89 20 88 45 49 13 76 84 47 58 10 3 61 37 43 40 64 71 70 2 69 88 30 90 40 41 19 12 77 69
47 38 78 71 63 29 62 39 95 18 11 76 26 81 41 29 66 77 10 85 3 13 19 66 24 25 87 14 22 74 48 19 62 41 96 84 22 81 27 73 36 33 76 98 48 18 11 76 87 27 9 83 70 8 45 60 52 15 62 82 48 7 30 65 17 61 63 32 97 91 3 40 62 45 64 56 69 54 67 81 22 5 25 58 58 83 76 23 92 42 52 2 34 67 72 9 14 23 49 27
3 78 30 10 41 20 39 70 37 7 33 4 18 91 75 98 94 9 57 19 75 17 16 46 73 24 56 90 86 63 95 22 60 13 44 11 34 34 64 89 42 43 6 39 59 99 32 15 1 61 90 50 91 8 33 90 72 2 42 50 4 51 93 39 8 51 42 98 72 59 28 61 22 35 8 48 55 75 39 61 77 51 49 84 42 38 59 60 50 79 25 96 36 59 15 44 49 22 20 19
62 63 92 12 66 55 73 36 29 10 28 44 43 56 85 97 52 68 22 17 26 89 21 28 32 37 13 63 26 63 63 35 67 96 5 17 23 25 60 81 62 21 20 52 76 62 67 48 3 1 56 99 52 73 86 17 29 85 23 66 62 96 31 92 86 28 73 55 19 72 57 61 24 11 21 26 81 85 97 30 5 66 78 93 97 99 43 30 4 82 47 39 29 34 47 63 54 15 85 66
100 5 27 25 46 82 59 37 71 35 32 61 48 31 31 86 66 26 69 78 90 13 92 99 5 84 17 84 12 71 58 17 5 13 94 67 93 41 43 5 65 84 80 43 73 94 27 94 71 77 54 3 30 98 64 24 4 74 34 39 14 20 34 78 43 100 92 34 7 35 23 92 65 47 13 80 93 19 51 35 38 32 9 94 43 94 88 89 22 40 51 11 39 67 82 52 60 47 68 24
73 16 53 83 86 6 15 50 48 59 9 73 35 73 89 34 100 28 5 59 71 36 76 85 87 99 74 42 79 78 81 89 22 69 100 59 100 59 16 59 46 9 100 55 40 5 89 17 22 35 68 12 62 72 79 16 29 25 98 44 1 29 36 49 100 30 1 77 10 81 76 49 34 54 5 16 26 52 17 5 19 46 15 41 97 71 27 97 31 90 43 20 82 94 36 72 16 17 29 78
28 90 14 59 27 29 32 14 76 62 46 59 65 25 91 95 9 99 52 31 92 13 16 44 18 72 48 93 82 16 75 58 92 38 48 93 77 96 42 48 23 54 12 39 18 77 97 2 45 48 47 78 63 50 11 46 24 43 97 9 95 5 63 96 7 87 95 48 90 51 53 52 4 27 44 55 39 74 89 43 15 57 8 73 36 66 76 15 35 58 95 73 16 8 87 77 93 97 60 82
70 85 9 79 87 85 75 86 92 87 90 11 7 26 51 20 31 76 42 27 97 36 22 82 87 35 69 53 15 11 41 59 66 46 33 3 83 40 9 68 23 30 80 33 95 54 5 79 57 35 84 65 15 56 75 1 63 10 11 55 49 40 42 14 34 73 19 30 32 54 60 28 6 85 71 32 99 44 52 9 11 73 8 53 23 85 74 7 64 4 63 43 8 27 53 68 19 23 22 66
58 44 26 78 15 63 12 73 34 60 1 89 56 85 59 73 71 52 76 59 28 12 3 94 52 77 96 49 80 5 76 75 89 17 34 54 90 28 40 37 6 60 16 17 2 41 43 100 60 12 16 75 8 54 85 79 75 71 68 36 10 41 69 8 32 31 54 76 92 64 62 16 3 7 82 88 89 58 98 94 11 4 60 16 29 14 58 24 21 87 19 78 7 41 64 70 13 80 66 9
63 7 3 5 10 54 90 47 93 24 14 94 76 95 67 24 82 51 96 77 15 46 83 64 43 43 85 69 85 73 6 41 74 51 26 76 92 85 22 78 14 66 73 70 4 74 36 91 89 11 3 44 89 27 48 23 86 41 94 18 97 21 98 71 60 57 20 24 64 26 98 72 16 4 69 76 84 89 42 76 46 6 63 38 89 54 11 7 42 58 100 32 69 80 55 70 16 73 27 94
56 39 73 15 80 32 86 22 95 3 8 93 64 26 22 84 29 16 43 81 23 24 73 80 25 7 76 95 22 14 100 78 76 32 62 20 55 30 9 10 42 24 80 36 96 100 6 68 41 6 78 80 78 29 9 67 4 89 22 58 28 48 56 62 57 79 26 45 56 5 65 67 15 40 68 25 24 42 23 21 31 8 82 73 74 32 76 34 84 40 78 29 2 7 65 86 14 70 12 45
43 81 9 40 77 79 3 92 61 33 33 42 76 3 14 10 11 49 94 61 21 64 29 16 71 23 23 1 20 16 76 62 99 55 67 68 58 33 28 61 59 20 29 24 60 21 19 51 76 10 69 66 65 65 79 75 75 35 93 11 12 42 88 79 96 73 15 28 56 88 96 56 92 40 68 87 77 4 8 26 78 41 50 49 11 62 54 34 63 62 13 81 87 48 23 63 97 28 12 47
2 19 50 33 78 31 51 87 23 56 29 4 45 70 22 77 32 60 17 49 23 42 1 91 62 3 92 20 51 90 29 1 23 85 60 56 93 77 23 95 35 2 3 98 54 4 16 10 79 44 83 25 33 65 56 7 8 14 84 28 20 35 4 100 65 54 32 9 4 2 53 97 92 35 50 38 13 99 16 90 1 42 42 98 86 67 32 74 17 21 76 37 76 21 12 19 50 14 97 84
64 73 47 74 93 10 51 65 58 10 79 90 59 49 67 75 1 23 6 47 76 99 74 15 27 69 64 10 87 91 93 31 59 90 25 30 60 47 87 94 41 88 85 25 63 57 49 54 60 55 22 8 64 21 82 67 25 99 13 51 75 80 92 51 64 92 36 80 99 9 30 71 93 51 29 13 47 87 23 60 31 50 36 58 17 98 64 16 33 29 15 49 21 82 73 79 17 7 81 27
32 27 55 69 86 47 85 42 39 26 47 2 36 95 42 17 92 60 69 68 49 60 82 49 94 96 71 30 32 18 66 47 1 11 85 13 17 38 62 10 32 43 1 90 30 54 61 88 76 95 93 15 12 72 66 34 44 47 12 75 40 5 56 83 28 94 49 39 90 98 99 11 35 57 9 13 9 6 46 39 76 70 54 73 22 36 52 21 60 67 2 7 37 95 67 98 55 71 57 71
6 16 99 3 39 67 69 10 5 84 34 74 69 23 41 2 57 78 91 18 39 16 96 15 21 87 66 25 98 83 62 93 33 53 53 37 63 16 66 93 91 5 51 46 78 29 60 48 34 49 53 66 73 72 85 63 91 84 77 45 17 42 6 86 91 51 33 47 22 51 98 6 78 5 10 29 6 66 13 54 31 91 62 53 65 21 24 22 55 54 80 61 65 34 7 3 15 94 52 10
58 98 96 10 44 47 83 91 74 21 59 72 37 27 89 52 75 24 98 23 64 99 68 80 73 77 55 2 63 57 92 97 22 60 42 3 73 71 60 50 12 12 64 1 64 66 6 40 4 14 100 21 2 88 5 71 34 22 66 33 56 57 81 8 16 27 73 88 62 42 15 48 29 29 14 48 46 19 43 56 92 12 56 9 6 26 87 31 8 32 36 4 48 64 12 50 37 12 93 90
62 71 18 8 97 4 32 53 27 67 97 13 31 69 97 9 28 62 28 55 54 51 8 15 72 37 33 60 60 71 80 14 29 41 51 89 42 68 81 9 6 41 10 47 24 13 50 17 44 94 38 46 69 60 64 16 93 88 55 94 77 13 4 43 21 90 58 40 15 72 23 30 90 76 69 19 4 89 7 49 49 63 33 65 67 48 82 14 85 32 14 23 54 22 12 30 41 62 39 81
34 73 2 15 3 54 71 86 69 8 34 46 3 42 29 100 1 35 27 97 87 69 62 6 90 43 22 5 42 33 51 73 35 12 62 15 31 50 74 40 32 12 80 4 27 39 3 39 18 51 99 44 22 50 56 61 50 26 84 21 66 40 57 26 27 8 81 87 87 74 79 7 46 40 70 84 53 85 63 68 30 33 24 74 51 10 43 17 38 76 64 34 9 100 14 8 70 15 29 39
27 36 82 11 58 75 54 60 67 10 92 8 94 50 31 72 53 79 77 13 2 45 31 25 8 30 12 17 85 59 87 66 49 41 17 12 80 14 10 37 46 5 60 54 69 65 23 50 43 52 45 38 5 92 57 21 69 79 6 20 5 15 15 89 21 18 9 27 93 72 67 9 42 68 24 86 10 34 47 29 38 88 89 81 97 34 63 3 56 9 9 32 24 64 98 86 28 31 100 22
79 75 69 37 88 56 25 88 27 14 45 19 68 42 88 42 23 28 83 74 17 36 64 39 48 88 91 37 19 13 89 37 2 50 29 57 57 76 13 22 53 74 30 96 6 54 80 50 35 35 70 31 80 37 22 32 32 20 59 17 52 76 85 86 6 24 2 94 50 14 87 9 20 28 95 97 73 6 18 10 35 81 46 81 92 36 69 86 89 71 78 69 29 33 61 1 72 5 5 65
86 92 43 61 74 66 57 31 66 100 74 12 72 99 39 18 68 34 18 25 94 42 99 56 26 6 32 24 26 59 75 57 63 18 4 5 56 70 48 23 23 68 70 99 44 81 31 45 13 97 32 46 55 79 23 26 40 35 28 59 20 92 75 6 89 55 17 40 83 30 37 15 39 66 81 14 8 44 60 42 54 74 51 29 17 53 24 100 55 46 79 25 56 71 98 64 37 49 81 66
51 9 70 58 55 22 44 98 79 58 8 8 23 20 26 11 38 2 59 63 51 97 10 4 65 68 20 99 76 61 44 51 10 22 47 48 96 15 49 90 47 26 33 36 34 100 100 60 27 25 13 7 21 64 42 38 48 66 9 1 48 51 13 70 68 88 29 63 71 20 1 59 22 20 45 83 64 81 66 96 67 54 32 85 19 3 54 31 62 98 4 75 85 87 75 80 83 22 10 73
35 45 42 63 18 17 62 97 79 85 5 90 40 28 66 77 54 18 19 56 14 34 98 49 99 86 74 29 34 59 88 31 2 88 56 78 92 8 6 73 6 9 80 38 53 46 34 77 64 71 69 90 66 4 39 37 69 99 54 99 60 91 3 88 5 85 55 93 17 42 99 82 11 4 50 35 36 88 48 66 92 41 88 75 45 90 66 24 39 18 7 45 63 44 51 95 19 48 29 71
42 60 51 82 6 60 51 36 96 64 87 1 37 22 4 14 22 81 15 49 67 35 78 59 64 28 70 99 33 39 65 60 18 45 89 16 30 18 82 13 69 7 38 77 94 87 34 87 96 29 33 3 61 68 14 64 95 39 21 48 23 53 1 5 97 91 55 71 18 73 89 5 31 46 100 47 42 36 34 20 29 68 70 58 14 92 14 9 55 35 14 38 38 51 61 54 36 7 43 82
90 12 1 58 21 61 27 53 85 8 90 32 7 34 21 59 28 67 79 84 97 49 47 15 84 49 34 38 20 76 43 94 19 66 25 74 85 27 20 16 82 36 6 86 5 52 100 46 57 50 8 89 67 59 27 88 39 23 66 95 40 59 74 85 95 77 88 39 42 35 12 98 76 11 63 39 15 75 59 38 57 85 80 79 100 41 25 96 87 75 24 63 85 56 40 90 12 99 31 89
58 77 4 73 16 23 8 73 14 70 94 18 62 83 73 17 75 98 18 25 49 9 43 78 87 8 98 45 75 36 9 9 48 12 31 3 34 87 1 67 26 78 54 15 25 71 43 92 33 47 33 59 100 59 33 38 83 61 52 90 30 32 2 41 53 11 46 26 82 25 97 55 47 81 61 89 27 54 56 38 8 79 29 50 12 71 69 78 3 29 38 53 88 90 19 89 13 12 65 34
64 44 68 4 36 15 74 39 88 2 79 72 55 46 86 22 28 63 32 37 7 22 66 74 62 92 77 33 65 12 16 32 30 19 90 89 39 46 43 68 43 59 65 28 89 36 53 54 70 73 99 80 82 7 77 42 40 99 92 49 26 80 83 95 24 87 30 70 10 65 46 83 55 8 30 97 19 30 41 25 72 89 63 47 31 51 65 37 66 69 45 64 13 50 41 41 27 84 61 10
22 36 10 48 62 37 81 73 55 98 74 78 52 71 14 75 22 44 74 52 97 95 62 97 55 65 46 38 24 23 29 52 5 8 98 19 37 14 12 96 43 80 12 23 100 17 29 70 34 8 54 89 87 3 3 21 47 76 87 96 88 42 83 46 6 44 1 87 99 6 25 95 86 34 20 14 96 79 54 37 11 57 13 24 58 8 62 95 99 10 61 3 4 63 65 79 71 83 71 35
36 16 69 62 28 50 4 11 83 10 80 85 83 26 92 35 94 1 47 49 52 21 83 53 51 11 27 98 12 63 31 32 34 85 100 60 67 84 25 8 78 73 36 76 78 79 36 16 1 83 36 33 65 74 21 37 71 84 92 28 52 82 49 27 19 14 54 1 69 58 32 33 40 37 6 55 80 72 12 41 72 63 33 72 51 57 97 71 92 43 18 59 86 24 100 11 43 78 30 99
4 18 84 7 88 30 91 40 85 22 99 22 7 63 36 37 82 26 97 67 22 8 82 53 39 53 48 71 20 63 96 13 25 73 23 17 41 48 93 50 61 8 76 1 36 58 97 35 94 23 63 15 51 32 68 86 20 67 85 88 10 13 39 5 4 7 36 34 1 71 51 35 24 45 65 2 2 82 39 20 61 74 29 86 5 40 22 80 41 55 82 77 64 94 2 94 78 69 42 68
12 87 78 90 26 28 39 100 29 15 52 78 17 27 75 43 27 62 8 48 11 11 73 76 43 70 76 5 80 28 38 93 54 91 65 52 54 79 50 64 4 25 36 52 37 55 64 84 42 8 75 95 38 94 11 71 70 19 1 53 93 84 88 85 5 12 25 89 97 10 25 77 81 3 74 54 11 65 6 12 64 93 84 29 17 50 83 11 16 66 5 13 93 96 42 1 99 6 94 24
19 77 2 27 24 87 71 20 7 44 82 70 60 42 85 70 78 85 95 18 30 45 71 44 46 57 36 32 77 60 19 48 32 56 99 22 35 77 93 78 41 73 12 4 98 83 32 76 43 10 31 32 24 92 57 61 24 15 26 88 73 49 72 64 48 67 70 62 38 32 88 79 85 47 90 12 25 48 86 63 86 86 44 48 92 78 78 7 27 8 24 17 43 32 38 34 67 25 53 2
84 43 72 8 97 63 100 87 89 64 58 77 92 60 92 25 100 89 99 37 24 53 85 22 11 77 26 7 49 10 90 71 18 12 2 12 60 95 91 94 61 33 42 55 13 44 30 86 14 19 43 71 21 44 86 63 89 67 88 96 1 60 96 30 65 39 66 32 27 79 61 85 96 63 98 84 85 61 97 53 10 16 73 85 7 93 66 68 23 54 73 23 4 65 87 1 22 44 19 2
49 51 29 85 34 83 46 93 86 85 83 12 29 34 94 41 25 44 41 62 34 27 83 22 74 94 63 15 57 7 37 83 95 1 55 62 41 22 1 13 24 92 3 15 8 2 44 97 99 24 52 90 69 76 89 38 46 44 72 55 17 76 70 86 81 19 75 35 59 17 70 10 14 40 7 2 79 72 34 32 62 23 10 58 15 58 84 79 30 4 39 16 69 45 62 26 96 39 4 83
30 72 64 13 20 8 89 54 64 61 73 81 2 62 49 46 49 81 23 99 79 92 22 96 57 16 64 50 36 15 57 18 76 81 29 73 64 97 46 64 33 49 5 20 66 33 82 64 32 86 43 61 59 15 49 71 26 91 88 88 70 92 2 33 55 50 89 82 45 34 60 54 35 20 13 59 16 1 40 56 1 9 99 82 1 43 85 79 11 35 25 16 43 83 37 63 93 16 48 24
84 52 71 38 87 71 51 39 85 71 73 10 15 19 81 35 55 96 96 15 86 85 53 26 39 64 11 80 48 66 30 62 48 61 95 15 59 49 86 91 48 84 46 39 48 90 76 66 64 40 29 64 59 86 67 63 3 40 24 77 19 71 86 83 47 80 16 54 61 2 46 36 30 95 31 56 91 35 1 40 9 53 81 14 22 2 86 41 82 21 31 74 18 21 96 32 61 40 39 42
98 88 9 65 17 53 98 30 29 17 1 98 96 50 5 36 34 57 65 67 65 40 20 42 45 91 13 9 61 93 38 6 51 8 90 46 73 34 37 85 68 38 72 66 1 49 76 62 26 81 85 32 78 100 32 28 83 80 36 6 83 11 90 28 94 22 26 5 100 87 75 94 81 44 59 26 78 6 8 64 4 3 8 33 70 88 63 55 96 63 94 37 40 7 7 44 87 13 1 55
21 6 89 47 48 6 9 26 84 77 87 8 69 94 94 99 8 89 99 56 15 2 79 58 94 96 22 68 33 29 10 92 79 44 53 62 79 94 59 26 31 72 75 36 92 40 27 89 61 50 48 91 95 48 7 36 34 62 61 44 5 15 43 69 89 79 6 62 95 96 99 65 55 58 30 41 41 31 51 92 23 68 92 74 49 93 24 1 18 73 44 54 79 97 63 38 85 72 27 70
56 66 100 100 65 43 70 76 8 82 79 94 30 45 33 41 10 45 96 7 96 32 6 2 33 37 98 61 11 4 88 9 69 79 49 42 45 32 86 76 23 74 80 31 85 86 9 48 18 11 62 71 64 11 51 57 89 34 7 74 52 4 11 24 54 79 63 67 29 20 79 44 28 67 70 67 55 19 98 46 17 26 3 96 41 11 25 8 78 13 24 85 81 58 81 61 90 52 35 30
41 71 4 37 14 23 82 98 50 45 21 99 50 94 58 66 14 48 10 27 45 53 36 86 17 13 23 58 28 71 84 26 38 93 22 87 100 93 95 69 27 57 79 83 3 60 52 8 53 25 78 21 58 47 83 89 51 35 69 22 57 8 37 69 5 49 5 91 92 15 57 9 35 82 3 4 57 69 4 37 25 60 1 53 15 5 62 87 15 40 30 24 50 59 61 59 18 97 42 21
43 45 6 89 73 42 80 79 33 28 99 87 35 1 25 92 13 28 16 82 47 28 59 61 57 19 16 29 33 27 63 7 42 77 49 87 17 30 61 11 70 81 64 93 42 94 49 81 88 42 71 37 20 2 12 42 100 55 57 42 78 35 75 58 12 60 40 89 6 80 51 21 47 32 10 73 74 38 17 7 2 23 77 4 73 15 60 11 71 66 13 86 53 68 81 8 14 23 76 51
65 24 27 3 14 69 17 27 2 10 5 7 30 62 27 5 22 1 64 67 14 2 83 14 90 12 31 45 26 11 2 41 37 79 62 25 48 44 58 67 8 18 77 59 22 89 82 78 65 39 36 3 96 6 50 32 74 15 1 84 27 55 92 92 34 8 46 69 34 4 31 76 47 95 11 56 21 23 82 99 80 43 26 24 52 59 24 32 18 50 9 25 54 63 82 91 39 22 93 9
10 21 22 11 63 52 57 18 91 99 92 78 70 35 17 46 75 43 78 20 29 26 35 14 71 10 46 57 2 58 72 57 80 8 64 10 84 84 73 3 52 48 1 40 97 4 65 65 31 55 29 8 97 83 5 55 13 70 61 76 50 83 11 65 93 9 53 12 47 1 93 85 85 55 78 79 58 74 87 43 15 97 4 99 43 13 52 58 52 84 30 38 78 43 68 84 78 5 39 72
35 18 26 58 72 11 50 55 58 63 55 16 99 100 67 63 27 98 95 81 41 43 64 94 68 7 71 10 20 69 16 17 53 56 86 28 78 26 85 90 96 24 13 3 26 4 25 61 92 64 30 78 56 43 20 94 10 84 68 50 23 55 77 77 28 24 88 56 2 46 65 4 34 14 84 84 51 48 94 14 42 13 23 43 54 96 58 99 45 8 96 43 59 23 68 1 12 69 60 31
26 97 14 68 85 72 18 2 80 88 83 23 25 49 91 1 58 47 73 68 47 31 42 7 97 67 39 17 77 12 74 66 77 16 25 2 16 59 23 99 60 11 46 74 97 89 95 99 29 34 2 6 52 15 41 51 28 23 65 96 43 39 44 29 38 32 42 81 95 99 8 2 86 47 9 53 76 52 52 83 53 50 97 13 25 49 4 34 83 67 98 82 37 30 67 61 56 11 81 39
83 67 30 64 84 10 59 43 11 64 20 22 19 9 45 96 36 84 20 54 58 51 68 50 60 29 87 93 75 41 42 91 41 12 50 50 47 93 85 18 59 51 10 97 62 53 78 27 33 19 56 16 46 52 49 34 39 50 37 21 67 21 25 10 13 77 95 23 62 16 96 37 54 72 8 94 6 96 5 32 1 92 98 68 51 81 37 30 43 63 56 16 37 38 98 90 70 64 33 88
71 82 43 57 40 55 78 72 1 19 51 43 97 73 98 40 68 26 73 41 26 97 6 81 40 43 9 77 27 83 31 30 36 91 93 15 27 64 90 77 16 65 22 55 47 16 67 37 26 84 85 30 12 39 42 17 80 81 59 32 32 84 32 99 43 82 77 95 41 57 75 58 97 50 62 6 76 22 34 30 29 65 67 48 21 82 46 26 89 41 90 12 46 85 62 75 67 1 52 47
75 10 35 92 7 65 45 16 67 50 28 99 29 52 43 87 80 17 77 89 52 47 93 91 47 43 3 64 63 83 32 92 71 96 6 28 78 88 12 99 67 36 33 27 94 98 19 29 51 51 25 84 80 33 86 70 97 30 59 80 37 28 40 68 10 64 35 20 3 90 37 66 66 39 45 85 28 59 26 57 3 1 5 8 53 28 85 22 69 22 54 28 78 77 66 3 11 51 71 35
96 57 84 38 87 49 15 73 93 75 39 93 94 32 16 23 1 72 87 67 22 53 84 24 96 52 30 18 5 36 25 74 21 72 68 30 90 7 73 91 34 69 65 9 66 23 27 47 96 45 43 7 16 44 54 3 39 69 74 5 70 20 16 83 5 29 31 69 3 60 66 26 93 2 10 7 25 8 14 60 29 51 2 8 21 75 7 16 23 41 96 52 46 24 18 58 44 52 12 39
34 78 15 28 5 39 15 36 48 32 5 23 29 42 7 21 91 31 69 11 86 24 50 9 77 79 96 86 7 88 10 72 10 12 9 49 55 63 31 93 38 3 37 5 82 75 35 85 59 21 68 82 19 62 69 20 36 22 99 50 69 33 62 82 79 77 62 92 7 50 99 83 17 100 65 14 70 34 91 60 94 60 66 63 9 5 36 20 4 59 72 86 28 95 65 29 4 64 14 14
57 83 50 7 67 71 35 88 60 68 74 89 90 79 94 54 33 74 52 40 7 83 30 37 44 81 55 67 81 28 84 82 87 83 98 14 52 3 38 86 25 74 98 83 80 58 95 3 45 44 68 91 49 89 26 10 34 54 55 76 88 19 33 84 61 93 43 32 16 48 56 85 12 96 21 68 90 67 19 42 93 62 94 59 63 84 70 16 73 87 53 88 22 13 26 9 100 17 72 9
91 12 19 75 82 34 22 50 34 30 1 64 20 89 14 98 18 93 70 3 80 36 92 47 64 66 4 6 47 37 61 16 54 64 22 92 14 20 10 68 56 7 35 95 21 56 10 25 16 7 81 55 36 52 64 36 93 55 52 46 30 15 52 98 51 93 83 95 73 29 77 70 47 54 71 94 61 37 17 62 55 71 64 66 78 28 93 18 94 17 19 74 16 6 81 8 65 11 61 9
88 62 98 37 49 78 6 5 1 83 53 27 73 7 10 7 66 72 78 79 75 50 79 38 89 74 91 95 75 5 81 60 26 29 97 5 15 87 30 71 86 100 27 14 60 31 64 12 12 95 65 88 46 35 26 87 98 29 55 84 64 50 79 72 90 90 21 87 49 56 69 82 45 3 61 22 37 1 86 57 13 63 91 52 100 66 37 92 12 3 10 57 3 49 38 28 7 43 69 91
99 33 35 13 15 44 52 90 81 7 80 36 56 19 98 2 92 68 70 39 62 39 38 72 87 38 61 23 65 97 20 29 61 54 96 32 62 85 40 69 4 81 63 91 20 37 67 89 29 58 63 58 51 59 14 99 86 87 35 65 62 24 49 18 39 92 64 80 69 14 13 93 53 34 55 87 97 17 80 48 10 27 93 56 43 72 52 51 85 68 43 25 17 77 21 75 86 92 25 42
69 41 70 72 100 69 51 17 72 3 23 59 48 64 49 44 67 9 31 55 31 16 99 38 28 28 78 57 100 53 58 91 90 47 69 33 1 48 5 100 26 100 86 31 88 47 9 87 15 70 35 3 22 11 41 32 8 41 65 57 57 69 19 24 68 16 81 70 62 38 63 90 74 25 9 35 95 54 52 69 52 53 27 15 60 27 72 60 98 25 52 64 12 37 51 36 49 74 22 56
58 91 99 93 47 11 26 95 58 14 11 65 20 88 82 61 73 96 75 87 92 57 2 40 76 60 41 36 11 59 99 71 12 68 92 100 44 32 13 89 7 59 42 75 63 24 76 15 5 48 75 58 64 22 55 62 74 55 6 16 9 26 65 64 85 38 33 31 6 15 44 49 27 86 86 92 7 78 44 54 85 8 41 63 33 41 48 45 31 74 7 94 57 56 24 75 21 48 76 45
29 63 9 38 94 44 66 1 17 70 26 84 69 74 87 17 51 21 68 55 72 29 11 76 99 11 27 55 85 30 64 35 5 98 61 20 25 6 19 48 90 29 80 57 42 68 61 42 74 83 95 85 8 11 97 39 49 37 59 41 79 68 18 51 26 63 16 78 34 22 74 56 57 90 62 19 74 58 73 21 42 33 62 83 41 8 77 99 68 25 61 45 72 69 36 44 1 16 27 4
54 76 37 22 30 94 19 49 39 37 64 30 86 96 29 65 53 22 5 34 81 28 20 25 53 26 59 87 40 35 92 36 2 1 93 59 80 7 25 92 54 62 51 6 70 22 57 16 76 94 15 89 41 31 11 64 35 72 3 47 31 69 57 21 86 63 16 7 35 22 70 13 25 62 85 35 98 57 28 6 13 94 35 80 62 34 27 77 83 49 51 30 70 95 96 68 100 18 8 28
68 63 90 9 85 49 47 71 67 39 90 12 42 8 87 49 64 79 2 65 43 3 50 27 62 76 89 81 17 43 100 1 63 1 8 77 29 60 18 23 34 100 63 75 29 68 58 67 1 46 9 50 75 81 6 81 64 12 8 16 41 34 38 10 80 25 29 45 84 82 76 67 33 20 2 53 3 90 80 59 22 24 15 51 7 35 9 62 82 81 13 14 28 93 51 3 37 92 48 34
54 5 71 11 57 58 60 12 10 70 49 21 100 32 18 34 87 50 73 51 46 27 98 16 67 66 78 61 6 57 16 25 87 19 7 85 65 72 3 86 59 95 58 34 44 15 99 17 2 75 13 82 76 29 77 8 51 25 99 71 43 70 91 68 2 54 32 72 68 34 91 50 10 60 8 48 44 38 37 29 20 60 46 56 57 63 25 35 55 78 84 7 64 85 11 56 66 92 86 20
67 30 39 45 6 8 25 68 41 76 5 54 80 20 73 15 8 27 37 32 93 57 98 50 36 26 24 4 58 8 25 100 92 3 95 75 99 4 6 58 57 83 88 83 85 59 83 71 35 63 7 77 84 82 18 63 16 58 12 93 41 72 63 91 100 25 71 81 80 59 72 24 45 70 41 78 99 86 18 85 91 98 36 47 53 6 31 52 72 68 4 17 19 58 50 88 71 10 14 100
9 90 33 30 34 66 95 6 41 72 31 49 13 64 31 75 13 29 13 63 70 23 61 41 54 73 60 94 36 3 11 81 69 65 30 4 27 22 55 18 43 31 47 53 62 73 78 98 12 17 95 80 67 96 53 57 33 17 9 10 37 77 47 57 72 38 19 19 42 22 53 92 78 51 65 97 32 52 55 61 17 41 93 43 15 70 52 94 78 42 6 56 18 21 61 94 1 70 28 11
73 50 20 43 6 61 83 12 15 100 71 75 62 74 71 46 44 8 65 46 67 32 48 73 56 40 5 58 72 5 46 31 27 33 99 84 42 29 59 16 77 87 21 24 89 97 65 74 82 14 45 12 5 13 80 84 52 92 82 93 3 96 68 29 14 87 10 42 80 84 24 31 83 82 62 1 69 28 72 55 92 51 32 33 99 6 85 55 10 12 3 24 5 21 74 98 44 60 28 10
52 79 57 74 29 31 47 100 91 100 68 74 9 36 20 55 16 87 71 16 81 28 64 30 40 44 81 90 31 81 71 42 33 8 23 55 36 21 74 12 23 82 18 61 27 63 44 6 61 2 39 91 63 51 30 76 74 12 5 37 72 74 52 29 4 26 57 50 7 14 79 59 12 66 53 9 16 68 73 2 97 12 84 32 31 24 23 62 99 91 18 63 36 36 71 51 73 37 11 24
58 74 12 70 71 54 96 70 31 74 100 79 4 24 5 24 44 75 65 29 5 68 58 24 84 78 49 32 88 9 29 76 45 85 46 24 17 3 87 99 94 2 84 42 31 76 14 12 99 69 28 25 71 95 25 77 3 71 15 94 56 12 58 97 78 92 87 90 24 57 86 85 66 26 3 24 77 78 99 86 95 92 47 55 13 22 61 28 57 1 72 26 91 15 43 18 39 93 32 11
84 32 65 67 71 84 73 87 39 6 55 56 44 88 82 49 96 27 92 89 42 92 87 24 83 97 82 51 81 61 2 38 100 60 12 82 56 15 83 33 6 89 76 49 35 38 11 68 38 94 82 89 6 28 93 15 24 99 30 96 71 43 8 46 77 54 79 1 47 35 35 7 55 15 10 39 27 77 39 96 93 5 82 28 32 16 9 76 62 4 43 97 21 52 70 95 28 31 53 10
85 87 11 62 15 80 64 55 42 14 92 60 81 42 67 35 64 56 89 56 31 95 59 55 64 60 67 44 53 53 80 63 63 32 79 47 10 57 22 17 76 66 41 58 45 36 62 36 43 65 78 42 25 14 88 42 33 59 84 61 24 9 65 49 51 36 47 65 10 68 28 19 84 13 62 15 55 31 83 46 5 32 61 13 78 90 3 41 8 37 87 76 80 79 73 25 94 49 2 80
54 70 7 54 3 61 13 82 5 62 15 83 55 99 21 55 32 99 86 39 48 20 76 5 91 88 52 83 90 88 38 12 76 48 38 94 18 48 59 6 79 92 69 3 51 69 88 89 70 14 87 11 29 95 4 29 11 4 33 13 7 51 39 93 44 65 84 2 99 63 46 70 82 89 37 18 15 4 25 13 90 18 54 76 96 55 43 96 66 17 93 59 41 83 26 32 13 100 43 16
52 72 67 93 72 14 94 35 58 66 41 67 55 58 92 38 8 96 13 84 76 18 25 81 64 29 75 43 54 36 13 42 21 81 62 73 16 77 81 49 59 48 45 93 89 16 16 99 92 47 23 39 71 9 3 48 86 87 34 37 86 45 85 20 27 93 76 62 5 46 99 23 87 8 54 49 16 93 16 11 56 75 16 15 37 20 93 87 55 71 25 85 7 79 65 31 92 28 58 8
21 1 54 39 51 59 98 27 46 11 72 6 25 19 31 49 41 42 67 6 97 7 81 83 73 5 14 47 35 53 53 49 85 44 77 78 99 18 63 51 86 91 50 89 49 79 54 3 81 9 35 32 84 44 77 77 82 40 91 38 63 50 34 65 14 95 82 100 43 46 55 20 67 44 53 37 64 47 41 18 27 43 19 46 65 8 14 70 91 17 94 71 65 13 4 47 49 81 33 72
95 13 53 73 40 32 2 86 9 66 15 27 72 19 80 47 33 78 54 33 100 98 74 58 28 1 96 15 49 64 2 87 90 88 83 5 25 8 95 10 91 92 27 51 97 71 82 34 95 88 11 61 57 60 83 51 69 21 9 48 7 43 16 59 62 46 19 98 86 1 32 49 92 82 52 51 67 87 80 87 74 14 19 95 14 68 91 95 11 99 76 10 8 56 53 31 3 18 24 99
